10000.000000	834.000000	10742.187500
10232.929923	834.000000	9765.625000
10471.285481	838.000000	10742.187500
10715.193052	838.000000	10742.187500
10964.781961	835.000000	10742.187500
11220.184543	835.000000	11718.750000
11481.536215	833.000000	10742.187500
11748.975549	835.000000	11718.750000
12022.644346	836.000000	12695.312500
12302.687708	835.000000	11718.750000
12589.254118	838.000000	12695.312500
12882.495517	834.000000	12695.312500
13182.567386	832.000000	12695.312500
13489.628826	833.000000	13671.875000
13803.842646	834.000000	13671.875000
14125.375446	835.000000	14648.437500
14454.397707	834.000000	13671.875000
14791.083882	833.000000	15625.000000
15135.612484	833.000000	14648.437500
15488.166189	833.000000	15625.000000
15848.931925	834.000000	15625.000000
16218.100974	836.000000	15625.000000
16595.869074	834.000000	15625.000000
16982.436525	834.000000	17578.125000
17378.008287	838.000000	16601.562500
17782.794100	834.000000	18554.687500
18197.008586	835.000000	17578.125000
18620.871367	834.000000	18554.687500
19054.607180	833.000000	18554.687500
19498.445998	834.000000	19531.250000
19952.623150	834.000000	19531.250000
20417.379447	836.000000	19531.250000
20892.961309	835.000000	20507.812500
21379.620895	835.000000	21484.375000
21877.616239	836.000000	21484.375000
22387.211386	837.000000	22460.937500
22908.676528	831.000000	23437.500000
23442.288153	834.000000	22460.937500
23988.329190	834.000000	23437.500000
24547.089157	835.000000	23437.500000
25118.864315	835.000000	24414.062500
25703.957828	834.000000	25390.625000
26302.679919	833.000000	25390.625000
26915.348039	835.000000	27343.750000
27542.287033	834.000000	54687.500000
28183.829313	836.000000	28320.312500
28840.315031	835.000000	28320.312500
29512.092267	837.000000	58593.750000
30199.517204	835.000000	30273.437500
30902.954325	837.000000	31250.000000
31622.776602	837.000000	32226.562500
32359.365693	834.000000	31250.000000
33113.112148	837.000000	32226.562500
33884.415614	836.000000	34179.687500
34673.685045	837.000000	35156.250000
35481.338923	835.000000	35156.250000
36307.805477	835.000000	72265.625000
37153.522910	837.000000	37109.375000
38018.939632	837.000000	38085.937500
38904.514499	837.000000	39062.500000
39810.717055	836.000000	40039.062500
40738.027780	836.000000	40039.062500
41686.938347	836.000000	41015.625000
42657.951880	836.000000	42968.750000
43651.583224	838.000000	42968.750000
44668.359215	840.000000	43945.312500
45708.818961	837.000000	44921.875000
46773.514129	837.000000	45898.437500
47863.009232	839.000000	46875.000000
48977.881937	836.000000	47851.562500
50118.723363	834.000000	49804.687500
51286.138399	838.000000	51757.812500
52480.746025	836.000000	52734.375000
53703.179637	837.000000	53710.937500
54954.087386	835.000000	53710.937500
56234.132519	836.000000	56640.625000
57543.993734	838.000000	56640.625000
58884.365536	837.000000	58593.750000
60255.958607	837.000000	59570.312500
61659.500186	838.000000	61523.437500
63095.734448	837.000000	63476.562500
64565.422903	838.000000	64453.125000
66069.344801	842.000000	66406.250000
67608.297539	837.000000	66406.250000
69183.097092	836.000000	69335.937500
70794.578438	837.000000	70312.500000
72443.596007	840.000000	72265.625000
74131.024130	837.000000	74218.750000
75857.757503	837.000000	75195.312500
77624.711663	838.000000	77148.437500
79432.823472	839.000000	79101.562500
81283.051616	839.000000	81054.687500
83176.377110	838.000000	82031.250000
85113.803820	839.000000	84960.937500
87096.358996	837.000000	85937.500000
89125.093813	836.000000	88867.187500
91201.083936	837.000000	90820.312500
93325.430080	837.000000	91796.875000
95499.258602	837.000000	94726.562500
97723.722096	840.000000	96679.687500
100000.000000	840.000000	98632.812500
102329.299228	836.000000	101562.500000
104712.854805	840.000000	104492.187500
107151.930524	837.000000	106445.312500
109647.819614	844.000000	109375.000000
112201.845430	838.000000	111328.125000
114815.362150	837.000000	113281.250000
117489.755494	837.000000	117187.500000
120226.443462	838.000000	120117.187500
123026.877081	837.000000	122070.312500
125892.541179	841.000000	125976.562500
128824.955169	837.000000	128906.250000
131825.673856	842.000000	130859.375000
134896.288259	841.000000	133789.062500
138038.426460	841.000000	136718.750000
141253.754462	839.000000	139648.437500
144543.977075	841.000000	143554.687500
147910.838817	839.000000	147460.937500
151356.124844	841.000000	150390.625000
154881.661891	838.000000	153320.312500
158489.319246	841.000000	158203.125000
162181.009736	845.000000	160156.250000
165958.690744	840.000000	164062.500000
169824.365246	840.000000	168945.312500
173780.082875	838.000000	172851.562500
177827.941004	839.000000	176757.812500
181970.085861	839.000000	181640.625000
186208.713666	841.000000	184570.312500
190546.071796	838.000000	189453.125000
194984.459976	835.000000	193359.375000
199526.231497	837.000000	198242.187500
204173.794467	837.000000	203125.000000
208929.613085	840.000000	208007.812500
213796.208950	835.000000	212890.625000
218776.162395	839.000000	216796.875000
223872.113857	835.000000	222656.250000
229086.765277	833.000000	227539.062500
234422.881532	835.000000	233398.437500
239883.291902	836.000000	238281.250000
245470.891568	838.000000	243164.062500
251188.643151	837.000000	249023.437500
257039.578277	835.000000	255859.375000
263026.799190	836.000000	261718.750000
269153.480393	836.000000	267578.125000
275422.870334	836.000000	275390.625000
281838.293126	837.000000	279296.875000
288403.150313	837.000000	286132.812500
295120.922667	836.000000	293945.312500
301995.172040	818.000000	300781.250000
309029.543251	837.000000	307617.187500
316227.766017	837.000000	313476.562500
323593.656930	838.000000	322265.625000
331131.121483	837.000000	328125.000000
338844.156139	836.000000	335937.500000
346736.850453	836.000000	343750.000000
354813.389234	836.000000	22460.937500
363078.054770	836.000000	360351.562500
371535.229097	835.000000	367187.500000
380189.396321	835.000000	377929.687500
389045.144994	834.000000	385742.187500
398107.170553	835.000000	394531.250000
407380.277804	837.000000	404296.875000
416869.383470	835.000000	416015.625000
426579.518802	834.000000	423828.125000
436515.832240	837.000000	432617.187500
446683.592151	834.000000	443359.375000
457088.189615	834.000000	453125.000000
467735.141287	837.000000	463867.187500
478630.092323	836.000000	474609.375000
489778.819368	836.000000	487304.687500
501187.233627	832.000000	497070.312500
512861.383991	835.000000	490234.375000
524807.460250	833.000000	478515.625000
537031.796370	834.000000	465820.312500
549540.873858	832.000000	454101.562500
562341.325190	839.000000	442382.812500
575439.937337	835.000000	427734.375000
588843.655356	834.000000	416015.625000
602559.586074	834.000000	401367.187500
616595.001861	834.000000	388671.875000
630957.344480	834.000000	373046.875000
645654.229035	838.000000	359375.000000
660693.448008	836.000000	343750.000000
676082.975392	836.000000	328125.000000
691830.970919	834.000000	313476.562500
707945.784384	839.000000	296875.000000
724435.960075	835.000000	280273.437500
741310.241301	835.000000	264648.437500
758577.575029	836.000000	247070.312500
776247.116629	831.000000	228515.625000
794328.234724	837.000000	210937.500000
812830.516164	835.000000	192382.812500
831763.771103	836.000000	174804.687500
851138.038202	838.000000	155273.437500
870963.589956	835.000000	135742.187500
891250.938134	835.000000	114257.812500
912010.839356	839.000000	93750.000000
933254.300797	835.000000	73242.187500
954992.586021	836.000000	50781.250000
977237.220956	829.000000	30273.437500
1000000.000000	827.000000	5859.375000
1023292.992281	828.000000	16601.562500
1047128.548051	828.000000	41015.625000
1071519.305237	827.000000	64453.125000
1096478.196143	831.000000	88867.187500
1122018.454302	825.000000	115234.375000
1148153.621497	828.000000	139648.437500
1174897.554939	827.000000	166015.625000
1202264.434617	829.000000	192382.812500
1230268.770812	828.000000	222656.250000
1258925.411794	828.000000	250000.000000
1288249.551693	829.000000	279296.875000
1318256.738556	827.000000	309570.312500
1348962.882592	828.000000	342773.437500
1380384.264603	827.000000	373046.875000
1412537.544623	828.000000	403320.312500
1445439.770746	827.000000	435546.875000
1479108.388168	826.000000	465820.312500
1513561.248436	825.000000	497070.312500
1548816.618912	826.000000	461914.062500
1584893.192461	825.000000	425781.250000
1621810.097359	827.000000	388671.875000
1659586.907437	827.000000	351562.500000
1698243.652462	826.000000	312500.000000
1737800.828749	825.000000	274414.062500
1778279.410039	824.000000	233398.437500
1819700.858610	825.000000	192382.812500
1862087.136663	825.000000	150390.625000
1905460.717963	835.000000	107421.875000
1949844.599758	834.000000	63476.562500
1995262.314969	832.000000	17578.125000
2041737.944669	835.000000	27343.750000
2089296.130854	836.000000	73242.187500
2137962.089502	834.000000	124023.437500
2187761.623949	833.000000	172851.562500
2238721.138568	835.000000	228515.625000
2290867.652768	832.000000	276367.187500
2344228.815320	835.000000	326171.875000
2398832.919019	833.000000	381835.937500
2454708.915685	832.000000	437500.000000
2511886.431509	832.000000	495117.187500
2570395.782769	838.000000	447265.625000
2630267.991895	831.000000	386718.750000
2691534.803927	833.000000	325195.312500
2754228.703338	831.000000	264648.437500
2818382.931264	831.000000	201171.875000
2884031.503126	834.000000	135742.187500
2951209.226666	832.000000	69335.937500
3019951.720402	802.000000	9765.625000
3090295.432513	831.000000	71289.062500
3162277.660168	831.000000	140625.000000
3235936.569296	834.000000	209960.937500
3311311.214826	832.000000	290039.062500
3388441.561392	830.000000	365234.375000
3467368.504525	832.000000	444335.937500
3548133.892335	830.000000	475585.937500
3630780.547701	830.000000	394531.250000
3715352.290971	829.000000	306640.625000
3801893.963205	828.000000	224609.375000
3890451.449942	829.000000	135742.187500
3981071.705534	824.000000	45898.437500
4073802.778041	828.000000	46875.000000
4168693.834703	826.000000	140625.000000
4265795.188015	826.000000	237304.687500
4365158.322401	827.000000	334960.937500
4466835.921509	830.000000	435546.875000
4570881.896148	826.000000	459960.937500
4677351.412871	826.000000	354492.187500
4786300.923226	825.000000	246093.750000
4897788.193684	825.000000	135742.187500
5011872.336272	826.000000	22460.937500
5128613.839913	825.000000	94726.562500
5248074.602497	826.000000	213867.187500
5370317.963702	826.000000	333984.375000
5495408.738576	824.000000	459960.937500
5623413.251903	826.000000	415039.062500
5754399.373371	822.000000	281250.000000
5888436.553555	823.000000	150390.625000
6025595.860743	822.000000	14648.437500
6165950.018614	823.000000	124023.437500
6309573.444801	821.000000	267578.125000
6456542.290346	821.000000	413085.937500
6606934.480075	820.000000	437500.000000
6760829.753919	821.000000	284179.687500
6918309.709188	822.000000	128906.250000
7079457.843840	818.000000	33203.125000
7244359.600749	819.000000	197265.625000
7413102.413008	818.000000	362304.687500
7585775.750291	818.000000	465820.312500
7762471.166286	816.000000	289062.500000
7943282.347242	815.000000	114257.812500
8128305.161640	816.000000	75195.312500
8317637.711026	814.000000	261718.750000
8511380.382023	815.000000	454101.562500
8709635.899560	815.000000	346679.687500
8912509.381336	811.000000	146484.375000
9120108.393558	811.000000	57617.187500
9332543.007969	809.000000	267578.125000
9549925.860213	809.000000	486328.125000
9772372.209557	810.000000	295898.437500
9999999.999999	805.000000	70312.500000
10232929.922806	808.000000	162109.375000
10471285.480507	807.000000	399414.062500
10715193.052374	802.000000	358398.437500
10964781.961430	803.000000	112304.687500
11220184.543018	798.000000	142578.125000
11481536.214967	799.000000	402343.750000
11748975.549394	793.000000	329101.562500
12022644.346172	793.000000	60546.875000
12302687.708122	790.000000	218750.000000
12589254.117940	786.000000	496093.750000
12882495.516929	785.000000	202148.437500
13182567.385562	781.000000	92773.437500
13489628.825914	779.000000	398437.500000
13803842.646027	779.000000	290039.062500
14125375.446225	778.000000	31250.000000
14454397.707457	775.000000	357421.875000
14791083.881680	774.000000	307617.187500
15135612.484360	771.000000	33203.125000
15488166.189122	768.000000	385742.187500
15848931.924609	767.000000	257812.500000
16218100.973587	763.000000	108398.437500
16595869.074373	762.000000	488281.250000
16982436.524615	760.000000	133789.062500
17378008.287491	757.000000	259765.625000
17782794.100386	752.000000	338867.187500
18197008.586097	754.000000	71289.062500
18620871.366626	745.000000	498046.875000
19054607.179629	745.000000	75195.312500
19498445.997577	741.000000	365234.375000
19952623.149686	734.000000	185546.875000
20417379.446692	732.000000	284179.687500
20892961.308537	730.000000	249023.437500
21379620.895019	728.000000	243164.062500
21877616.239492	722.000000	268554.687500
22387211.385680	717.000000	239257.812500
22908676.527674	714.000000	245117.187500
23442288.153195	711.000000	284179.687500
23988329.190191	710.000000	172851.562500
24547089.156846	702.000000	380859.375000
25118864.315092	703.000000	47851.562500
25703957.827684	695.000000	467773.437500
26302679.918949	691.000000	124023.437500
26915348.039265	687.000000	265625.000000
27542287.033377	682.000000	357421.875000
28183829.312640	689.000000	2929.687500
28840315.031261	673.000000	355468.750000
29512092.266659	670.000000	313476.562500
30199517.204015	670.000000	5859.375000
30902954.325131	661.000000	311523.437500
31622776.601678	656.000000	404296.875000
32359365.692957	651.000000	132812.500000
33113112.148253	649.000000	106445.312500
33884415.613914	641.000000	349609.375000
34673685.045247	634.000000	437500.000000
35481338.923351	632.000000	238281.250000
36307805.477004	627.000000	62500.000000
37153522.909711	622.000000	97656.250000
38018939.632049	616.000000	235351.562500
38904514.499421	611.000000	352539.062500
39810717.055343	606.000000	448242.187500
40738027.780404	599.000000	460937.500000
41686938.347026	594.000000	406250.000000
42657951.880152	588.000000	373046.875000
43651583.224009	583.000000	351562.500000
44668359.215088	581.000000	358398.437500
45708818.961479	571.000000	398437.500000
46773514.128711	567.000000	456054.687500
47863009.232255	563.000000	462890.625000
48977881.936836	557.000000	352539.062500
50118723.362718	550.000000	219726.562500
51286138.399127	544.000000	68359.375000
52480746.024968	541.000000	121093.750000
53703179.637015	536.000000	345703.125000
54954087.385752	527.000000	421875.000000
56234132.519025	521.000000	143554.687500
57543993.733705	517.000000	159179.687500
58884365.535548	511.000000	475585.937500
60255958.607425	504.000000	157226.562500
61659500.186137	497.000000	240234.375000
63095734.448008	492.000000	328125.000000
64565422.903453	484.000000	123046.875000
66069344.800747	480.000000	377929.687500
67608297.539185	474.000000	166992.187500
69183097.091881	467.000000	284179.687500
70794578.438400	460.000000	330078.125000
72443596.007485	454.000000	53710.937500
74131024.130078	449.000000	364257.812500
75857757.502904	442.000000	357421.875000
77624711.662854	433.000000	96679.687500
79432823.472413	426.000000	108398.437500
81283051.616394	418.000000	240234.375000
83176377.110251	410.000000	382812.500000
85113803.820221	398.000000	463867.187500
87096358.995591	390.000000	486328.125000
89125093.813357	383.000000	475585.937500
91201083.935573	375.000000	426757.812500
93325430.079681	372.000000	294921.875000
95499258.602125	363.000000	140625.000000
97723722.095562	357.000000	78125.000000
