10000.000000	827.000000	10742.187500
10232.929923	830.000000	10742.187500
10471.285481	827.000000	10742.187500
10715.193052	830.000000	9765.625000
10964.781961	829.000000	10742.187500
11220.184543	828.000000	11718.750000
11481.536215	829.000000	11718.750000
11748.975549	829.000000	10742.187500
12022.644346	829.000000	12695.312500
12302.687708	829.000000	11718.750000
12589.254118	828.000000	12695.312500
12882.495517	828.000000	13671.875000
13182.567386	828.000000	12695.312500
13489.628826	829.000000	12695.312500
13803.842646	829.000000	13671.875000
14125.375446	827.000000	13671.875000
14454.397707	828.000000	13671.875000
14791.083882	827.000000	14648.437500
15135.612484	826.000000	15625.000000
15488.166189	828.000000	14648.437500
15848.931925	830.000000	15625.000000
16218.100974	828.000000	16601.562500
16595.869074	827.000000	33203.125000
16982.436525	828.000000	17578.125000
17378.008287	827.000000	17578.125000
17782.794100	827.000000	18554.687500
18197.008586	827.000000	17578.125000
18620.871367	829.000000	18554.687500
19054.607180	829.000000	19531.250000
19498.445998	829.000000	18554.687500
19952.623150	829.000000	19531.250000
20417.379447	828.000000	19531.250000
20892.961309	828.000000	21484.375000
21379.620895	830.000000	21484.375000
21877.616239	830.000000	21484.375000
22387.211386	829.000000	21484.375000
22908.676528	828.000000	22460.937500
23442.288153	830.000000	22460.937500
23988.329190	830.000000	23437.500000
24547.089157	830.000000	24414.062500
25118.864315	828.000000	24414.062500
25703.957828	828.000000	26367.187500
26302.679919	828.000000	25390.625000
26915.348039	828.000000	26367.187500
27542.287033	832.000000	27343.750000
28183.829313	833.000000	28320.312500
28840.315031	829.000000	28320.312500
29512.092267	830.000000	29296.875000
30199.517204	831.000000	29296.875000
30902.954325	831.000000	31250.000000
31622.776602	830.000000	31250.000000
32359.365693	833.000000	32226.562500
33113.112148	835.000000	32226.562500
33884.415614	834.000000	33203.125000
34673.685045	832.000000	34179.687500
35481.338923	830.000000	35156.250000
36307.805477	830.000000	36132.812500
37153.522910	831.000000	37109.375000
38018.939632	831.000000	38085.937500
38904.514499	830.000000	38085.937500
39810.717055	830.000000	40039.062500
40738.027780	834.000000	41015.625000
41686.938347	831.000000	41015.625000
42657.951880	830.000000	42968.750000
43651.583224	838.000000	43945.312500
44668.359215	830.000000	43945.312500
45708.818961	830.000000	45898.437500
46773.514129	830.000000	46875.000000
47863.009232	832.000000	46875.000000
48977.881937	830.000000	48828.125000
50118.723363	830.000000	49804.687500
51286.138399	832.000000	50781.250000
52480.746025	833.000000	52734.375000
53703.179637	830.000000	53710.937500
54954.087386	831.000000	53710.937500
56234.132519	830.000000	56640.625000
57543.993734	831.000000	56640.625000
58884.365536	831.000000	58593.750000
60255.958607	833.000000	59570.312500
61659.500186	830.000000	61523.437500
63095.734448	832.000000	63476.562500
64565.422903	832.000000	63476.562500
66069.344801	832.000000	66406.250000
67608.297539	831.000000	67382.812500
69183.097092	832.000000	68359.375000
70794.578438	832.000000	70312.500000
72443.596007	831.000000	71289.062500
74131.024130	831.000000	74218.750000
75857.757503	832.000000	76171.875000
77624.711663	831.000000	76171.875000
79432.823472	832.000000	78125.000000
81283.051616	832.000000	81054.687500
83176.377110	831.000000	82031.250000
85113.803820	832.000000	84960.937500
87096.358996	833.000000	85937.500000
89125.093813	833.000000	87890.625000
91201.083936	833.000000	89843.750000
93325.430080	832.000000	91796.875000
95499.258602	832.000000	94726.562500
97723.722096	830.000000	97656.250000
100000.000000	831.000000	98632.812500
102329.299228	831.000000	102539.062500
104712.854805	831.000000	103515.625000
107151.930524	833.000000	105468.750000
109647.819614	831.000000	109375.000000
112201.845430	833.000000	112304.687500
114815.362150	832.000000	113281.250000
117489.755494	832.000000	117187.500000
120226.443462	833.000000	120117.187500
123026.877081	832.000000	123046.875000
125892.541179	838.000000	125000.000000
128824.955169	833.000000	127929.687500
131825.673856	835.000000	130859.375000
134896.288259	834.000000	133789.062500
138038.426460	833.000000	136718.750000
141253.754462	835.000000	140625.000000
144543.977075	832.000000	142578.125000
147910.838817	837.000000	146484.375000
151356.124844	833.000000	149414.062500
154881.661891	834.000000	154296.875000
158489.319246	832.000000	158203.125000
162181.009736	836.000000	161132.812500
165958.690744	832.000000	165039.062500
169824.365246	832.000000	168945.312500
173780.082875	833.000000	171875.000000
177827.941004	833.000000	175781.250000
181970.085861	833.000000	180664.062500
186208.713666	834.000000	185546.875000
190546.071796	833.000000	188476.562500
194984.459976	831.000000	193359.375000
199526.231497	830.000000	196289.062500
204173.794467	831.000000	202148.437500
208929.613085	829.000000	208007.812500
213796.208950	832.000000	211914.062500
218776.162395	832.000000	217773.437500
223872.113857	829.000000	222656.250000
229086.765277	830.000000	226562.500000
234422.881532	831.000000	232421.875000
239883.291902	831.000000	238281.250000
245470.891568	830.000000	244140.625000
251188.643151	829.000000	249023.437500
257039.578277	830.000000	255859.375000
263026.799190	830.000000	261718.750000
269153.480393	831.000000	267578.125000
275422.870334	837.000000	273437.500000
281838.293126	831.000000	279296.875000
288403.150313	831.000000	287109.375000
295120.922667	831.000000	293945.312500
301995.172040	832.000000	299804.687500
309029.543251	831.000000	306640.625000
316227.766017	830.000000	313476.562500
323593.656930	831.000000	321289.062500
331131.121483	831.000000	329101.562500
338844.156139	832.000000	336914.062500
346736.850453	833.000000	343750.000000
354813.389234	830.000000	351562.500000
363078.054770	834.000000	360351.562500
371535.229097	831.000000	368164.062500
380189.396321	831.000000	376953.125000
389045.144994	832.000000	385742.187500
398107.170553	833.000000	395507.812500
407380.277804	831.000000	405273.437500
416869.383470	830.000000	413085.937500
426579.518802	830.000000	423828.125000
436515.832240	830.000000	432617.187500
446683.592151	830.000000	444335.937500
457088.189615	829.000000	453125.000000
467735.141287	829.000000	463867.187500
478630.092323	830.000000	477539.062500
489778.819368	831.000000	486328.125000
501187.233627	831.000000	497070.312500
512861.383991	832.000000	490234.375000
524807.460250	829.000000	479492.187500
537031.796370	829.000000	466796.875000
549540.873858	830.000000	454101.562500
562341.325190	829.000000	444335.937500
575439.937337	803.000000	428710.937500
588843.655356	829.000000	416015.625000
602559.586074	831.000000	401367.187500
616595.001861	831.000000	387695.312500
630957.344480	830.000000	373046.875000
645654.229035	829.000000	359375.000000
660693.448008	830.000000	344726.562500
676082.975392	829.000000	328125.000000
691830.970919	831.000000	312500.000000
707945.784384	834.000000	296875.000000
724435.960075	829.000000	281250.000000
741310.241301	832.000000	263671.875000
758577.575029	830.000000	246093.750000
776247.116629	830.000000	229492.187500
794328.234724	829.000000	210937.500000
812830.516164	831.000000	192382.812500
831763.771103	831.000000	173828.125000
851138.038202	833.000000	155273.437500
870963.589956	831.000000	135742.187500
891250.938134	831.000000	114257.812500
912010.839356	829.000000	93750.000000
933254.300797	829.000000	74218.750000
954992.586021	829.000000	50781.250000
977237.220956	822.000000	30273.437500
1000000.000000	824.000000	6835.937500
1023292.992281	820.000000	15625.000000
1047128.548051	824.000000	40039.062500
1071519.305237	821.000000	64453.125000
1096478.196143	822.000000	87890.625000
1122018.454302	822.000000	113281.250000
1148153.621497	823.000000	140625.000000
1174897.554939	821.000000	166992.187500
1202264.434617	821.000000	194335.937500
1230268.770812	825.000000	221679.687500
1258925.411794	822.000000	250000.000000
1288249.551693	821.000000	278320.312500
1318256.738556	823.000000	308593.750000
1348962.882592	820.000000	339843.750000
1380384.264603	825.000000	371093.750000
1412537.544623	820.000000	402343.750000
1445439.770746	822.000000	434570.312500
1479108.388168	821.000000	467773.437500
1513561.248436	823.000000	497070.312500
1548816.618912	821.000000	462890.625000
1584893.192461	821.000000	425781.250000
1621810.097359	822.000000	390625.000000
1659586.907437	819.000000	351562.500000
1698243.652462	822.000000	314453.125000
1737800.828749	822.000000	275390.625000
1778279.410039	820.000000	234375.000000
1819700.858610	820.000000	193359.375000
1862087.136663	820.000000	151367.187500
1905460.717963	830.000000	108398.437500
1949844.599758	828.000000	65429.687500
1995262.314969	828.000000	16601.562500
2041737.944669	828.000000	27343.750000
2089296.130854	829.000000	74218.750000
2137962.089502	829.000000	123046.875000
2187761.623949	828.000000	174804.687500
2238721.138568	830.000000	223632.812500
2290867.652768	827.000000	275390.625000
2344228.815320	830.000000	328125.000000
2398832.919019	826.000000	382812.500000
2454708.915685	827.000000	438476.562500
2511886.431509	825.000000	495117.187500
2570395.782769	827.000000	446289.062500
2630267.991895	826.000000	385742.187500
2691534.803927	825.000000	327148.437500
2754228.703338	835.000000	264648.437500
2818382.931264	826.000000	202148.437500
2884031.503126	825.000000	136718.750000
2951209.226666	825.000000	69335.937500
3019951.720402	774.000000	8789.062500
3090295.432513	828.000000	68359.375000
3162277.660168	828.000000	138671.875000
3235936.569296	826.000000	211914.062500
3311311.214826	825.000000	288085.937500
3388441.561392	824.000000	364257.812500
3467368.504525	824.000000	441406.250000
3548133.892335	825.000000	475585.937500
3630780.547701	823.000000	394531.250000
3715352.290971	823.000000	310546.875000
3801893.963205	822.000000	223632.812500
3890451.449942	823.000000	137695.312500
3981071.705534	822.000000	46875.000000
4073802.778041	823.000000	45898.437500
4168693.834703	823.000000	138671.875000
4265795.188015	823.000000	236328.125000
4365158.322401	825.000000	333984.375000
4466835.921509	821.000000	433593.750000
4570881.896148	822.000000	461914.062500
4677351.412871	820.000000	356445.312500
4786300.923226	820.000000	248046.875000
4897788.193684	822.000000	135742.187500
5011872.336272	820.000000	21484.375000
5128613.839913	820.000000	93750.000000
5248074.602497	819.000000	210937.500000
5370317.963702	819.000000	333984.375000
5495408.738576	818.000000	458984.375000
5623413.251903	817.000000	415039.062500
5754399.373371	817.000000	283203.125000
5888436.553555	818.000000	152343.750000
6025595.860743	818.000000	14648.437500
6165950.018614	816.000000	125000.000000
6309573.444801	817.000000	266601.562500
6456542.290346	814.000000	412109.375000
6606934.480075	815.000000	442382.812500
6760829.753919	817.000000	285156.250000
6918309.709188	813.000000	130859.375000
7079457.843840	819.000000	32226.562500
7244359.600749	816.000000	194335.937500
7413102.413008	812.000000	362304.687500
7585775.750291	811.000000	467773.437500
7762471.166286	814.000000	291992.187500
7943282.347242	812.000000	112304.687500
8128305.161640	810.000000	73242.187500
8317637.711026	812.000000	260742.187500
8511380.382023	808.000000	451171.875000
8709635.899560	808.000000	348632.812500
8912509.381336	806.000000	149414.062500
9120108.393558	807.000000	56640.625000
9332543.007969	804.000000	267578.125000
9549925.860213	806.000000	482421.875000
9772372.209557	803.000000	295898.437500
9999999.999999	802.000000	70312.500000
10232929.922806	799.000000	164062.500000
10471285.480507	801.000000	397460.937500
10715193.052374	798.000000	358398.437500
10964781.961430	797.000000	111328.125000
11220184.543018	797.000000	144531.250000
11481536.214967	792.000000	406250.000000
11748975.549394	793.000000	334960.937500
12022644.346172	789.000000	65429.687500
12302687.708122	786.000000	216796.875000
12589254.117940	782.000000	496093.750000
12882495.516929	785.000000	208007.812500
13182567.385562	780.000000	90820.312500
13489628.825914	776.000000	393554.687500
13803842.646027	776.000000	293945.312500
14125375.446225	774.000000	26367.187500
14454397.707457	772.000000	352539.062500
14791083.881680	773.000000	314453.125000
15135612.484360	767.000000	31250.000000
15488166.189122	764.000000	378906.250000
15848931.924609	762.000000	265625.000000
16218100.973587	763.000000	107421.875000
16595869.074373	757.000000	485351.562500
16982436.524615	758.000000	132812.500000
17378008.287491	753.000000	259765.625000
17782794.100386	750.000000	336914.062500
18197008.586097	747.000000	72265.625000
18620871.366626	744.000000	487304.687500
19054607.179629	743.000000	74218.750000
19498445.997577	738.000000	367187.500000
19952623.149686	742.000000	179687.500000
20417379.446692	730.000000	282226.562500
20892961.308537	732.000000	247070.312500
21379620.895019	722.000000	234375.000000
21877616.239492	720.000000	272460.937500
22387211.385680	715.000000	231445.312500
22908676.527674	713.000000	250000.000000
23442288.153195	715.000000	285156.250000
23988329.190191	709.000000	171875.000000
24547089.156846	705.000000	378906.250000
25118864.315092	701.000000	50781.250000
25703957.827684	696.000000	472656.250000
26302679.918949	692.000000	125976.562500
26915348.039265	691.000000	272460.937500
27542287.033377	684.000000	361328.125000
28183829.312640	682.000000	10742.187500
28840315.031261	676.000000	365234.375000
29512092.266659	671.000000	297851.562500
30199517.204015	671.000000	10742.187500
30902954.325131	664.000000	315429.687500
31622776.601678	660.000000	398437.500000
32359365.692957	654.000000	135742.187500
33113112.148253	649.000000	109375.000000
33884415.613914	645.000000	341796.875000
34673685.045247	640.000000	439453.125000
35481338.923351	637.000000	233398.437500
36307805.477004	630.000000	62500.000000
37153522.909711	626.000000	100585.937500
38018939.632049	620.000000	242187.500000
38904514.499421	615.000000	362304.687500
39810717.055343	613.000000	462890.625000
40738027.780404	606.000000	465820.312500
41686938.347026	599.000000	408203.125000
42657951.880152	594.000000	362304.687500
43651583.224009	590.000000	361328.125000
44668359.215088	585.000000	367187.500000
45708818.961479	578.000000	398437.500000
46773514.128711	573.000000	452148.437500
47863009.232255	567.000000	458007.812500
48977881.936836	561.000000	349609.375000
50118723.362718	557.000000	225585.937500
51286138.399127	553.000000	61523.437500
52480746.024968	545.000000	113281.250000
53703179.637015	539.000000	335937.500000
54954087.385752	536.000000	411132.812500
56234132.519025	529.000000	146484.375000
57543993.733705	523.000000	161132.812500
58884365.535548	518.000000	477539.062500
60255958.607425	510.000000	145507.812500
61659500.186137	504.000000	239257.812500
63095734.448008	500.000000	331054.687500
64565422.903453	491.000000	107421.875000
66069344.800747	487.000000	368164.062500
67608297.539185	479.000000	142578.125000
69183097.091881	476.000000	285156.250000
70794578.438400	467.000000	315429.687500
72443596.007485	460.000000	48828.125000
74131024.130078	454.000000	364257.812500
75857757.502904	446.000000	345703.125000
77624711.662854	441.000000	81054.687500
79432823.472413	431.000000	113281.250000
81283051.616394	426.000000	302734.375000
83176377.110251	416.000000	392578.125000
85113803.820221	411.000000	486328.125000
87096358.995591	401.000000	499023.437500
89125093.813357	390.000000	487304.687500
91201083.935573	380.000000	430664.062500
93325430.079681	374.000000	321289.062500
95499258.602125	369.000000	164062.500000
97723722.095562	366.000000	56640.625000
